-1.504914482905478508e+03
-1.349126909439011342e+03
-1.619695093039945050e+03
-1.522042396634639772e+03
-1.362406985970860205e+03
-1.389786710150899808e+03
-1.483890274748287311e+03
-1.487990019704769111e+03
-1.462127787644624505e+03
-1.639251421737256578e+03
-1.522614830167945684e+03
-1.624415201050616588e+03
-1.633161821850081424e+03
-1.536219126219466034e+03
-1.601067653802980658e+03
-1.522409522029773825e+03
-1.632287968102395553e+03
-1.561005619399352554e+03
-1.579145102789766042e+03
-1.615211540846655907e+03
-1.579935642228482493e+03
-1.369024165205660438e+03
-1.185803712675176484e+03
-1.516675745558417702e+03
-1.312485852453136658e+03
-1.524903902835899089e+03
-1.513979264380874611e+03
-1.515253970938113525e+03
-1.397170332299659322e+03
-1.381828419594550724e+03
-1.505441586337630497e+03
-1.504670438023684937e+03
-1.570589087669737864e+03
-1.063636527909952974e+03
-1.109067800792022126e+03
-1.505929356211334152e+03
-1.483163462994159772e+03
-1.528308118087162256e+03
-1.212245111097400013e+03
-1.428643422698175982e+03
-1.114842592920585957e+03
-1.384228601891127710e+03
-1.504321258905450577e+03
-9.831859448941688697e+02
-1.427609680842541820e+03
-1.099989921755119440e+03
-8.966019536398621312e+02
-1.499545916699736608e+03
-9.601464094596391305e+02
-8.008132107330228564e+02
-9.509228357885192509e+02
-8.657280394874431977e+02
-8.577991179219199012e+02
-8.697919819975830933e+02
-9.511870634571562277e+02
-1.003673987389722015e+03
-9.224756679589963824e+02
-3.295309515865649246e+02
-9.073315599527225004e+02
-4.038823698594623579e+02
-5.652298350613725688e+02
-5.614629817445619437e+02
-2.700747584661769007e+00
-6.711896136874481726e+02
-1.323364974228374535e+02
-2.749960207697662895e+02
-1.458865281827275737e+02
-2.725931412543110355e+02
-6.171432752628141998e+02
-3.970749428402988883e+02
-2.681415877537786514e+02
-2.616753232335851180e+02
-4.212919577279167243e+02
-2.758533585075231258e+02
-1.415331164154947032e+02
-2.669668640188259587e+02
-4.219359116369187035e+01
-6.012907138402764140e+00
-2.721630708851555482e+02
-1.902947287053138536e+00
-5.276945297194625937e+02
-1.346946434904355101e+02
-2.621509131304825928e+02
-6.168636666394794474e+02
-7.842608863500354346e+02
-8.780904843999310287e+02
-8.045147266751297366e+02
-7.756938826590477447e+02
-6.582494317234157961e+02
-8.028625572623199105e+02
-3.847488292133198797e+02
-1.303622235814267754e+02
-1.299570687042343877e+02
-1.309757018261022097e+02
-2.579654631433076588e+02
-2.367605786886940393e+02
-1.108119720109918216e+00
-2.647309350628293032e+02
-1.285846524022554433e+02
-2.694717213970453145e+02
-1.282055721892600673e+02
-1.269798722746970157e+02
-2.370537405098394004e+02
-1.164342843912572034e+00
-1.291696030279038325e+02
-2.588725217694516232e+02
-3.702399723539321599e+02
-2.329672726740048461e+02
-1.264279090123207823e+02
-2.529978735057733186e+00
-2.652459391287218295e+02
-8.699214109796118422e-01
-1.284415825716222628e+02
-3.774714984190889595e+02
-2.509370180511130570e+02
-1.227140919958100085e+02
-2.481574166954505074e+02
-3.681897288207997576e+02
-2.641278837841383051e+02
-3.681534473714540923e+02
-1.346315118924258059e+02
-1.446088777951718498e+02
-3.870790651484556406e+02
-5.193831241547105719e+02
-3.851989569394803539e+02
-3.981537956443157213e+02
-2.765044140934623442e+02
-2.855100235333483170e+02
-4.188349335488788370e+02
-2.415359290229086753e+02
-3.822268725330017674e+02
-1.416515743031094416e+02
-3.807459481993714689e+02
-1.476093833883978164e+02
-1.382661736777476733e+02
-7.670180597562116418e+02
-1.431803287002178138e+02
-4.210420313116440525e+02
-2.505782353025114730e+02
-3.778518425417089475e+02
-1.405021565375542707e+02
-1.637785687645403243e+01
-5.958610760115060856e+00
-2.687986359480473197e+02
-3.431651303759460347e+02
-1.322800764971755143e+02
-1.436209277234913486e+02
-3.847320238086658151e+02
-1.340698273634054090e+02
-1.314041476536743858e+02
-2.642447914397276350e+02
-1.362833812449613049e+02
-2.490467922057721069e+02
-3.572075459386356844e+00
-1.286580291384894963e+02
-4.428776395605973804e+00
-2.545320584651116462e+02
-3.532810824639179827e+02
-2.606865861199576102e+02
-2.427793238506516182e+00
-2.892168014257604796e+02
-1.280577889454724527e+02
-1.266875872605200186e+02
-1.253939950272103800e+02
-1.258242948996450679e+02
-1.346142893800791853e+02
-1.186176463067378393e+02
-1.256044787223920167e+02
-3.405641194700059486e+02
-4.603285767128459050e+00
-1.275241478701321540e+02
-2.474544584886885730e+02
-1.353197683844046253e+02
-1.341480065984833914e+02
-2.612179602336635487e+00
-1.354632927979369015e+02
-1.383040292716066233e+02
-1.297497780837686605e+02
-1.298983562594261230e+02
-1.338340960166345610e+02
-3.736019282811614062e+02
-5.109375190193821581e+00
-3.743407000159780296e+02
-1.292063545867406162e+02
-2.691741022134568766e+02
-1.330617406921560075e+02
-1.308580815534529336e+02
-1.319943464029905442e+02
-2.455814254481553007e+02
-1.347152712600492350e+02
-2.623146437109236331e+02
-3.742882833687363018e+02
-2.879460996793117733e+00
-2.569374687892834004e+02
-1.324540302374349778e+02
-2.594265109306996919e+02
-1.313920767660034699e+02
-1.259054826001771659e+02
-1.236062192671496973e+02
-2.202349167239309846e+00
