-9.719742388830441726e+00
-9.272819866118664933e+00
-3.328341373083166577e+00
-9.975470533303775866e+00
-1.492363299314216896e+01
-1.339576229176286226e+01
-1.213612671581943836e+01
-1.431595013931974414e+01
-1.173497001759162472e+01
-1.735016102358303414e+01
-1.703283951394002571e+01
-8.206832543708411976e+00
-1.459303488783785951e+01
-1.290412018011901019e+01
-1.600329236314503945e+01
-1.295020190291949369e+01
-9.988837243946200317e+00
-1.289841088579816919e+01
-1.026682465887779472e+01
-1.121885968404480849e+01
-1.748657623755040547e+01
-8.368136321817296164e+00
-1.731391482080269739e+01
-1.006521548352951889e+01
-1.725411014319130842e+01
-1.602513203461948521e+01
-1.240854125690663423e+01
-9.829221683227036266e+00
-1.160916310280906671e+01
-1.385683125429184415e+01
-9.348005968982517899e+00
-1.143692458970732595e+01
-1.688513258561701491e+01
-1.362102980845822486e+01
-1.098368855454990012e+01
-1.703202990008330886e+01
-1.655583543020231474e+01
-1.591495130618163678e+01
-1.922171889455958294e+01
-1.606430833474784947e+01
-1.830510878985352718e+01
-1.985250482081532297e+01
-1.803758261650008521e+01
-1.849667676199053901e+01
-1.886344085734828369e+01
-1.610279489555798094e+01
-1.841755064889172289e+01
-1.710229783619317701e+01
-1.962394345451789235e+01
-1.651141779943256083e+01
-2.034559655958433311e+01
-2.086454771989696155e+01
-2.132943489291558592e+01
-1.989985008234229369e+01
-2.012764556843344366e+01
-2.012443449808144891e+01
-1.635699253463762659e+01
-1.958802118780369028e+01
-2.094013605710805592e+01
-1.848649682800781235e+01
-1.798287655514291217e+01
-1.695131541878683379e+01
-1.845989777891081474e+01
-1.791070103681360592e+01
-2.017379926862708572e+01
-2.099147075743642787e+01
-1.739930450752819979e+01
-1.944009892572969989e+01
-2.030169618880158566e+01
-1.903818228876161101e+01
-1.948502265574629888e+01
-1.183261970360329052e+01
-1.563914199810129624e+01
-1.405648274613867166e+01
-1.473067205795238088e+01
-1.327879406117643235e+01
-8.230386144276019778e+00
-1.465763317267920662e+01
-1.015021211089293551e+01
-1.262860618810294255e+01
-1.241948117026202247e+01
-1.304806336639675557e+01
-4.982438267235379747e+00
-1.002298668380415414e+01
-1.273327205305437282e+01
-1.146563217579735472e+01
-1.257186337845789481e+01
-7.439178533000433191e+00
-6.593841146605797121e+00
-7.979629092462170448e+00
-5.200184736726657597e+00
-6.982758345599739513e+00
-1.448008105106512744e+01
-1.152095024270057166e+01
-1.324564706608963505e+01
-9.253444866904658284e+00
-1.065173523432925151e+01
-7.333053397447587329e+00
-8.602573884191471620e+00
-9.515183687383304445e+00
-1.127134707369741129e+01
-6.603865176379631663e+00
-1.582340893478569122e+01
-1.858887898828645291e+01
-1.630010341853524025e+01
-1.895055899549935674e+01
-2.040929256239751766e+01
-1.382585791021572952e+01
-1.569172650480675912e+01
-2.152585542835460686e+01
-1.305130182475298284e+01
-4.018088082215790280e+01
3.305115185200573080e+01
-2.655585618672827408e+01
-2.032447215747240676e+01
-2.038324749376966238e+01
-4.646303465636079721e+01
1.550095730883686258e+02
-1.753254037894661721e+01
-6.959680754143678705e+00
-7.072762850565183612e+01
-1.008663490930263507e+01
-1.082991791441286153e+02
-1.816541512895879507e+01
-2.707040990189370788e+01
-1.888985435467817808e+01
-2.878114091351771009e+01
-4.665029363936620044e+00
-1.450623100143917554e+01
-9.401520117829891277e+00
-1.892454025030550113e+01
-2.241181196135014630e+01
-1.533050848521388509e+01
-1.946707734907926479e+01
-1.606263044498884085e+01
-2.793163448040843022e+01
-2.383143515783928734e+01
-2.733380323549425839e+01
8.742684827604342956e+01
1.764060061154362202e+00
-1.348976041106671886e+01
-2.598057806737666908e+01
-4.240258621372767323e+01
-5.958459838153200572e+00
-3.821980001588898546e+01
-5.721103222906315722e+01
-5.163470520393077123e+01
-3.453246536653320931e+01
-8.314858501508314959e+00
-5.135228158294428802e+00
-9.335397172375749619e+00
-4.111235906683907615e+01
-3.893122943017242932e+01
-4.549611032527626264e+01
-2.016411082846743419e+00
-2.006894576991603785e+01
-4.566038449945831701e+01
-6.124749284946894967e+00
-6.894897263411247756e+00
-6.755378750043941949e+00
-1.829737880724606924e+01
-6.550722224882199463e+00
-6.278849521582769100e+00
-8.997511433341665921e+00
-5.986812075818028767e+00
-8.792343446662851392e+00
-8.340121223877799750e+00
-9.288356864286484438e+00
-6.262870622266519582e+00
-1.064797114404312062e+01
-1.011932240609488787e+01
-7.518658343687691037e+00
-5.416674694900571296e+00
-7.626402363196070233e+00
-6.118344086642031776e+00
-7.438401997418152334e+00
-7.061220352351871732e+00
-7.922817379065046239e+00
-7.456687553496342602e+00
-7.178418378123099686e+00
-1.240867307562989907e+01
-9.275094416211004500e+00
-6.555523511413658966e+00
-9.744204364263326923e+00
-9.701761565785798069e+00
-7.428273541332536922e+00
-8.283276684406217782e+00
-8.808177944829452599e+01
-5.593153624042695782e+00
-8.724705908174231084e+00
-9.869397457995869871e+00
-7.979933901931988594e+00
-9.014731611379700027e+00
-6.806101676004665535e+00
-9.773064295581242789e+00
-6.559804371757897101e+00
-1.051336102661037586e+01
-7.817882120469742624e+00
-8.362379989586004925e+00
-9.290652621090917052e+00
-9.578513849906418187e+00
-8.762925285780907458e+00
-7.936486532493686852e+00
-1.082408971598378145e+01
-1.009910602004431723e+01
-8.972255661458127918e+00
-8.293198965825000712e+00
-1.394247573032560084e+01
-8.928327265550924707e+00
-8.723168450245021077e+00
-5.759353005911805212e+00
-6.825419481664658505e+00
-8.644029235421244906e+00
-7.579254557456168939e+00
-8.432625807490241598e+00
-6.951965889631233964e+00
-9.650473301026371686e+00
-9.643807257071845385e+00
-7.986798100173868598e+00
-1.433534897022218857e+01
-9.374294926291097951e+00
-8.198306929533186960e+00
-5.797585220991995136e+00
-6.289975526392534988e+00
-9.765031852723614847e+00
-1.005487101133132732e+01
-6.475023137987844457e+00
-1.054746749030169184e+01
-7.909554356449953083e+00
-7.885610742003042795e+00
-9.525162897056441480e+00
-9.290892776455159208e+00
-6.581856467638875330e+00
-8.551232943428088262e+00
-7.524919290864879429e+00
-6.060370897225273445e+00
-6.710798150602363066e+00
-7.193989187714084466e+00
-8.605181240035088663e+00
-8.770935183457741147e+00
-6.116578051015662432e+00
-1.099592225396596135e+01
-1.070164410099147290e+01
-1.204112238757628539e+01
-1.755928698174118452e+01
-1.040456229498721896e+01
-6.407058424566311139e+00
-9.849655917224762192e+00
-6.767140037034129918e+00
-6.671684015733976736e+00
-6.624364489001422385e+00
-6.787386709889188907e+00
-9.152770577724593792e+00
-6.676689270775628238e+00
-7.637765153680604158e+00
-1.404385800275748153e+01
-8.671991053799494864e+00
-8.763230122649742881e+00
-1.154387648007585199e+01
-8.788876375267010488e+00
-1.053688889876796253e+01
-7.307634086466455514e+00
-5.994036629611096068e+00
-9.794467915205922637e+00
-7.016478245522659307e+00
-9.637122356558075253e+00
-8.547752984474010773e+00
-1.110104453387834944e+01
-6.955024573646070074e+00
-6.836064273849974171e+00
-6.000408765457683202e+00
-2.386477443277658494e+01
-6.175316497138076954e+00
-1.098389077320150520e+01
-1.516711346699020346e+01
-2.290527754838847230e+01
-4.409533090713305015e+00
-1.943043990441264057e+01
-4.384383568225223016e+00
-4.859804549787895667e+00
-8.541473101516835698e+00
-9.386228396168760924e+00
-8.807000395474515742e+00
-5.746717914750207434e+00
-3.352891248903462440e+01
-1.762673797584590929e+01
-9.263165762294773842e+00
-9.186903344617864065e+00
-1.822308502692265009e+01
-9.402407239200423206e+00
-9.234603240156598503e+00
-4.702077704578481843e+00
-9.621672660856216197e+00
-9.403193277230236902e+00
-4.204427733020227542e+00
-3.152538772595898209e+01
-6.285871842930988329e+00
-9.611362127884405027e+00
-7.430961529814680944e+00
-1.199656821235880955e+01
-2.397087684268442942e+01
-8.819426933949008784e+00
-9.846501118449815237e+00
-9.893253328195271479e+00
-6.072899658263405165e+00
-5.266247375612688408e+00
-6.345007255203031882e+00
-8.530928750352288148e+00
-5.484239416303299031e+00
-7.348823601687509921e+00
-5.814335616118817107e+00
-6.932856128537456364e+00
-2.170669583172664474e+01
-8.599622066413820320e+00
-6.154846644249010623e+00
-5.372089578339968696e+00
-6.146670124266167434e+00
-2.788082915130888573e+00
-6.135240333134195367e+00
-7.049668674311415195e+00
-8.140443291510289114e+00
-8.980620317626581084e+00
-1.869959691118823741e+01
-1.016675390594684814e+01
-9.934573109582935047e+00
2.741633536945119545e+02
-1.928859620127650487e+01
-1.097908253378938426e+01
-6.977110103465961721e+00
-7.001501469709980441e+00
-8.105579690501384604e+00
-7.229712436813147569e+00
-7.385978349238985885e+00
-5.007013252536612669e+00
-8.916432597860833198e+00
-5.610874774723854763e+00
-4.788546387660932879e+00
-7.872610616360776525e+00
-7.474363524839287898e+00
-1.438669146263550402e+01
-5.439874957277169187e+00
-5.502517256711975335e+00
-7.435461973187381446e+00
-8.552370505201755790e+00
-1.120800184897485963e+01
-4.118633647121663799e+00
-5.807635026705541215e+00
-3.453058974539054304e+01
2.852703199928598110e+02
2.507241167539350499e+02
7.853211106950404030e+01
6.318310104147729334e+01
-3.538095621012314496e+01
2.193242088614078682e+02
-2.133979108194238350e+01
-1.159562457866062424e+01
-3.362867776985745394e+01
-2.162179993470001804e+01
-2.504884002770893048e+01
-9.331356835561317453e+00
-2.087761079696773336e+01
-3.477062660467667143e+01
-2.722282545397083808e+01
-1.916873040745158363e+01
-1.232128812536062412e+01
-1.251434681433208418e+01
-2.867708577008757587e+01
-6.811908242145658043e+00
-6.187066909247138646e+00
-7.250535439303187779e+00
-7.746398749782248849e+00
-1.168856870792895286e+01
-7.506420002807728586e+00
-4.023076509001788814e+00
-6.538768720414577906e+00
-6.595950340006334400e+00
-1.199371483236368086e+01
-7.877554231088432779e+00
-4.824922323094567034e+00
-4.961225106648991634e+00
-5.212574631877245679e+00
-5.785367123492272334e+00
-7.751714907688530332e+00
-5.400546505928027763e+00
-5.284698569965558868e+00
-3.410171961748743374e+00
-8.254624027566995537e+00
-2.893675103013875649e+00
-1.001581914249178418e+01
-3.810386890129985105e+00
5.207686829764601733e-01
-7.152599353025387963e+00
-4.957987341486393085e+00
-9.099820020383624808e+00
-5.920802216579144961e+00
-5.256367099882728766e+00
-8.302122514975879497e+00
-5.864163545947570277e+00
-2.988604764302062122e+00
-5.790291644883598821e+00
-4.950001181786362281e+00
-5.958301406961218127e+00
-8.321983504746718552e+00
-8.787344348682021300e-01
-7.267935757309496481e+00
-8.470983613706255966e+00
-7.858440088931796019e+00
-6.436383544080325869e+00
-5.088537749882926065e+00
-1.224771361737345821e+01
-6.364078937722619678e+00
-3.348721534263171318e+00
-6.519608421054073233e+00
-1.108631806543614040e+01
-3.165458703311884836e+00
-4.536700760358863604e+00
-8.238964063158690010e+00
-4.741563648053570112e+00
-2.708279636009384372e+00
-6.160166315819253668e+00
-9.212427995213561260e+00
-5.825182596726547146e+00
-4.361851608101687816e+00
-2.908370435085796402e+00
-7.852459872426462262e+00
-3.876960051039713306e+00
-2.931086634545593927e+00
-5.177910892668309728e+00
-4.646832477252035964e+00
-9.306249331793287061e-01
-8.829271890051938243e+00
-8.177777875607915803e+00
-5.685349401776517375e+00
-3.637320286982809403e+00
-2.850431971230951600e+00
-7.499349609994327537e+00
-5.180999336088676799e+00
-4.987147127161722260e+00
-1.393566978493154451e+01
-1.035981068543869377e+01
-7.243625645618284814e+00
-1.925712538925668582e+01
-1.643359282164698598e+01
-1.718151054050726145e+01
-9.911265716477272392e+00
-1.801922430791648821e+01
-9.318768491725990089e+00
-6.034773213690496796e+00
-1.032435882405906646e+01
-6.516194693498319701e+00
-2.398696987049434171e+01
-1.097296118036177504e+01
-2.283035736297497209e+01
-8.836862083011212121e+00
-1.458850343736478905e+01
-8.151858414753744952e+00
-1.946818784116221224e+01
-1.373326170923705547e+01
-1.867652757069770075e+01
-1.830067035215081006e+01
-2.298559348079760767e+01
-1.400124763942735306e+01
-1.219605221546748375e+01
-1.253265543655171932e+01
-1.749138884378314884e+01
-1.044959479509447853e+01
-6.111667821518495636e+00
-5.746124601630434370e+00
-9.086729386280621767e+00
-3.871163346969930785e+01
-1.027558099458759955e+01
-2.032253776839267445e+01
-2.970075308116036794e+01
-4.043174931551875773e+01
-9.642450123623783398e+00
-6.236984918596110816e+00
-2.150389657724200987e+01
-5.094075972125058627e+01
-1.088995281245106383e+01
-1.363630884132405896e+01
-4.197636914240751338e+01
-2.141736681518945318e+01
-3.262408182159146719e+01
-8.314156819742816396e+00
-1.577140977664625510e+01
-6.288474781793460977e+01
-2.434609528211279539e+01
-2.881215138878736681e+01
-6.536904408618403828e+00
-3.430974432269147911e+01
-4.243785734354484873e+01
-5.871946619018906688e+01
-4.279518265557614853e+01
-6.583677369498440157e+01
-1.737010304517762904e+01
-2.555596323765101019e+01
-4.655382234024649790e+01
-8.569767346643914152e+01
-4.268712775043335483e+01
-3.964615612470839778e+01
-2.282290774728057414e+01
-5.168915018611505729e+01
-3.913117726891223214e+01
-4.712687239513310544e+01
-7.037430850538085281e+01
-5.129199624616095576e+01
-5.056779504872852016e+01
-4.490395480020238494e+01
-7.056623175638613077e+01
-7.083280718422690825e+01
-2.943443726195030052e+01
-3.423394400352231770e+01
-4.115848746494240373e+01
-1.926126458601228109e+01
-4.305121178688816741e+01
-3.250528634500858516e+01
-4.658032248114811580e+01
-3.881885558097668110e+01
-3.881220747261990311e+01
-2.528057413965319355e+01
-3.769923418103442714e+01
-7.015846601166182950e+01
-4.204826904433431167e+01
-7.708689090852590198e+01
-5.472694305398928094e+01
-5.323016554921921539e+01
-3.730111531405645309e+01
-9.699986929034186289e+01
-6.761353099084679741e+01
-4.551614428724622030e+01
-4.807241326242223778e+01
-5.267581277857231470e+01
-5.110059766851543372e+01
-3.057834045591146221e+01
-5.585201586308602373e+01
-3.064897785567499966e+01
-5.020631367699181169e+01
-2.730295042579831488e+01
-3.558850392918950689e+01
-3.437888922671761804e+01
-6.295065137771308628e+01
-3.652484965829552976e+01
-4.659592501724358726e+01
-8.848994764385585654e+01
-3.224998988849117154e+01
-5.721550849588309262e+01
-4.154516833528987263e+01
-6.074086033788183414e+01
-8.765755136899356259e+00
-1.725455402177550823e+01
-1.520643041540113316e+01
-8.981630146683734495e+00
-9.409791050636417964e+00
-7.563022178379924298e+00
-1.622987847180808529e+01
-1.198156067027812099e+01
-6.909324629250070515e+00
-1.152401238454317678e+01
-1.168746995291363255e+01
-2.055088289691574133e+01
-9.065086853768470121e+00
-1.400735260426528406e+01
-1.260976517441265443e+01
-7.320145483918927276e+00
-6.960264044700773312e+00
-1.228903613404732909e+01
-1.599388856110446788e+01
-1.466605514881808148e+01
-2.102245447921122334e+01
-8.266122553817556451e+00
-8.807142950977908669e+00
-1.718144766814713620e+01
-1.348580675639841431e+01
-1.312783607889739379e+01
-1.454230528691132207e+01
-1.401597072179618486e+01
-1.689704006054572005e+01
-1.642079526026560643e+01
-1.408663445381872492e+01
-1.400348586374985871e+01
-6.970257317970609101e+00
-1.004487824724947309e+01
-9.047248380546534463e+00
-1.643699955305866567e+01
-8.563253513253314964e+00
-9.597979024371340984e+00
-9.532230289377547905e+00
-7.767521505208756061e+00
-4.165143391227279324e+01
-3.121963571811948057e+01
-2.645953218433675147e+01
-1.811632441413214423e+01
-2.905091948512714595e+01
-1.915626141636878899e+01
-7.399506883798371071e+00
-2.625070129751323478e+01
-4.463458282473462191e+01
-1.853897025675942345e+01
-1.344894999232396771e+01
-1.486648623771416311e+01
-3.778867202796178759e+01
-2.559660509762606040e+01
-2.996393424648929837e+01
-1.640509668479001348e+01
-4.978642258851442293e+00
-1.582729232270886754e+01
-2.591568209016733348e+01
-9.556760798489824182e+00
-7.989604363020506916e+00
-2.133786096500525531e+00
-5.440988637122450200e+01
-5.577140886660714614e+00
-6.129200085903792683e+01
-8.328979144100802756e+00
-2.117758988525826425e+01
-5.064690743082631741e+01
-1.086897830734910428e+02
-3.582556874097237198e+01
-5.455986176108911678e+01
1.529258431160265275e+01
-4.514102198689104739e+01
-3.763958353865839968e+01
-3.824704051645311154e+01
-8.542216150775249872e+00
-3.873156684790187398e+01
-1.325820002288743105e+01
-3.497288931110476895e+00
-1.469095891002394616e+01
-1.409327087233463338e+01
-2.902639346069394666e+00
-6.004353978361120170e+00
-2.527899386004139259e+01
-2.628954463991721724e+00
-2.373095566879759311e+00
-3.162237644545975002e+00
-6.912537577514815679e-01
-3.699447747661985630e+01
-2.431300768012925673e+01
-2.665612065932717556e+01
-1.997222562708369731e+00
-2.089321419697766657e+01
-5.374660755789449240e+01
-3.636622827806994707e+01
-2.742380693255264390e+01
-7.299271063432779272e+01
-5.854838256983022404e+00
-2.963062626444298076e+01
-1.126528889095574115e+01
-3.951844086106198972e+00
-2.312397864966336414e+01
-1.464396385642982068e+01
-2.672245231569453239e+01
-5.230027384695628889e+00
-5.505341137886028235e+01
-3.298269444263866745e+01
-3.065141729441974050e+00
-4.416567353405722685e+01
-4.358907626662456636e+01
-4.989542135612274620e+01
-2.789987220299338944e+01
-3.247114248189991059e+01
-4.251324160555994069e+01
-5.328098059441497014e+01
-4.629049360837162652e+01
-3.294577024293772638e+00
-9.298127408057901278e+00
-7.829871029894825973e+00
-9.444795078628779095e+00
-3.339865965866299913e+00
-4.907240203631944908e+00
-1.424395419002749641e+01
-3.249220549348954279e+01
-1.702871604917359605e+01
-5.051777589225884491e+00
-6.185714938649908134e+01
-9.978918836575630280e+00
-3.243652181893395436e+01
-9.580189837742015158e+00
-2.655831075232674721e+01
-3.168215064396278979e+00
-3.302934961509001788e+00
-4.213854576030983345e+00
-6.362822152515662744e+00
-3.439217496263708096e+00
-1.703778860655235983e+00
-2.605392190929284091e+00
-3.095658038019922564e+00
-4.488050527936927381e+00
-9.339488208975581074e+00
-4.936105018297294755e+00
-1.327665652474828661e+01
-5.883105089416389433e+00
-4.492381857909497178e+00
-8.990592690334587189e+00
-8.398975041041888190e+00
-1.305228799533292516e+00
-2.627736479660378155e+00
-6.166887807701081137e+00
-7.658411631148497989e+00
-5.639397274498927359e+00
-4.642012150764788458e+00
-4.271922661703033697e+00
-4.066453430991642470e+00
-1.001955007740754944e+01
-5.226131566367992143e+00
-5.306955776419179038e+00
-1.293771783325468760e+01
-1.715983912081112095e+01
-2.047334908890809047e+01
-2.201249971668204708e+01
-2.269554418061996515e+01
-3.494045349512822440e+01
-4.478671868303000991e+01
-4.644535256360090614e+01
-5.165060253779326160e+01
-3.661200627690378440e+01
-5.325785680430356450e+01
-2.668938959151347490e+01
-2.301701154942977112e+01
-2.599756254967182656e+01
-5.962181876267003844e+01
-5.096325804065045872e+01
-2.562777455742902788e+01
-2.224335097404910755e+01
-2.655189638177505174e+01
-2.848870753338358952e+01
-3.784416237942218686e+01
2.709695728584724179e+02
-2.806486266539666019e+01
-2.749988607505195048e+01
-2.551006945058502851e+01
-2.601420954971831989e+01
-7.618649726657284305e+01
1.076894795349708147e+02
-5.008899783701345854e+01
-1.040338049907887452e+01
-1.130536928683609830e+02
3.471350708720986518e+02
-4.072339820489876416e+01
-5.523820296380331740e+01
-4.791042651991369183e+01
-5.890073206911094417e+01
-7.353701619450411897e+01
-5.574581461986719688e+01
-3.679932784595879980e+01
-6.116418864663693711e+01
-6.577697657027667333e+01
-4.861277503368666686e+01
-5.097583942590334516e+01
-3.004632983711075056e+01
-4.660752808568492611e+01
-4.476533784836122720e+01
-7.138241717802351616e+01
-4.322670930757803376e+01
-5.788116709209532473e+01
-3.652283501580898673e+01
-9.033038841035832434e+01
-5.125953755667063660e+01
-6.093226804300218902e+01
-3.944498035514110512e+01
-7.205466860073835278e+01
-6.480633320054329261e+01
-4.794748987761080627e+01
-7.395619132180155475e+01
-6.433815036157206180e+01
-4.427807238185735628e+01
-4.924123601403444184e+01
-9.004673137950600648e+00
-5.316585893555537723e+01
-3.267074061069109803e+01
-7.252724365763680225e+01
-4.576013483238124024e+01
-6.953662461969736341e+01
-4.072148804596653804e+01
-1.116123207234709014e+02
-5.277660115257533846e+01
-5.819865628138491331e+01
-3.645296442240892532e+01
-5.176612712136505934e+01
-5.348162475315976394e+01
-5.455063479787542491e+01
-7.381231869054042249e+01
-5.202932895728810792e+01
-3.852950180839871308e+01
-5.594245039812945919e+01
-5.671305382035330922e+01
-7.120522346953848114e+01
-6.566193134047270519e+01
-5.361115586416153178e+01
-5.473139550604888370e+01
-7.337697078586604960e+01
-3.184669470093810162e+01
-3.766047002452580728e+01
-7.856600316165994968e+01
-9.199403871867920301e+00
-5.793569681642662772e+01
-6.890122864013109449e+01
-3.394205706973149006e+01
1.074253213027992757e+02
4.787435457209310385e+01
-8.903897502072250347e+01
1.317068546337175690e+02
-8.433424619545216672e+01
1.816926919719960765e+01
-1.829427895029053559e+02
-1.745199817247919896e+02
9.750897198098201102e+01
7.965046223388058877e+01
-6.975907242110275774e+01
2.059647524074946645e+01
-4.310290768332179567e+01
-9.438262769789454865e+01
-2.524267070980089755e+01
-1.117917260725409108e+02
-7.558831540364255375e+01
-1.423754535030417401e+02
-4.492598895222235456e+01
-5.425567420342351710e+01
-7.037448645092830191e+01
-2.992809537083648053e+01
-3.981455111718111084e+01
-6.349164065740421847e+01
-4.752071029649969347e+01
-3.446661981580813716e+01
-3.613680644272753995e+01
-2.698064348283945435e+01
-2.649957950354860614e+01
-4.092528392891917832e+01
-2.460578299545366932e+01
-8.292834756603919999e+00
-2.957343211025028040e+01
-9.422887680763063045e+00
-1.068852312790428627e+01
-1.042825639692674322e+01
-5.933227464117646122e+00
-8.428765150802684403e+00
-1.206869835193313456e+01
-8.355943205960906894e+00
-8.225068727191073847e+00
-1.208172324283919252e+01
-8.464291116694047545e+00
-2.971185358263233667e+01
-9.000550990031898735e+00
-1.015171780490096509e+01
-8.130837382377226419e+00
-8.857410237517761686e+00
-1.770493492654652812e+01
-5.878305199643144796e+00
-8.582107411705994338e+00
-5.282867493356631527e+00
-1.141981002734694073e+01
-9.695861847809423395e+00
-9.901328614176897247e+00
-9.945931827260976021e+00
-9.814177668740292404e+00
-7.941479671460243139e+00
-1.421173122179944315e+01
-1.304209368495829047e+01
-1.385456862010098433e+01
-1.157742214283637416e+01
-8.823330343030498568e+00
-4.103389989182922903e+01
-5.437016063585132564e+00
-1.307846209586607067e+01
-3.006373349957313934e+01
-1.050019075076908948e+01
-9.337594811618551205e+00
-8.861525618125062564e+00
-2.073187955834681873e+01
-6.989861080079738542e+01
-1.913027432928814386e+00
-1.505360906569296553e+01
8.848497964057280285e+00
1.797261129923778640e+02
-3.938550216462684261e+01
-3.872040703451941823e+01
-1.689344801769483695e+01
-1.168241349900057280e+01
-8.471485083907280611e+00
-6.173729301845117590e+00
-4.688833616989825259e+01
-1.028480635227488627e+01
-9.107456990207918324e+00
-1.341493939703800820e+01
-1.039634857414506541e+01
-8.443031953810201884e+00
-1.283568483179116804e+01
-1.112794126023821129e+01
-8.876936652400027938e+00
-9.636286496215838326e+00
-1.150796020971193734e+01
-9.191774070196654378e+00
-7.992381870781574804e+00
-1.098913356045653877e+01
-7.899776447466892115e+00
-8.317227062874440691e+00
-9.583437221462055788e+00
-1.007975905090068736e+01
-7.874834184923478198e+00
-7.653191977457639794e+00
-7.669792319663112146e+00
-9.152450066215095603e+00
-7.216983426366836873e+00
-9.800521539451340303e+00
-9.425604256376960421e+00
-9.778846262655102706e+00
-7.963625564146593838e+00
-9.417693142024596398e+00
-1.132652811488724431e+01
-8.681867253671741835e+00
-1.046851800695748125e+01
-1.045396475021411042e+01
-7.545984208960592632e+00
-1.291609726215203224e+01
-1.155736047707502578e+01
-8.481683255844144398e+00
-7.074275406488562012e+00
-8.964014522334116108e+00
-1.093641280253582160e+01
-2.217307602806788935e+01
-8.603586929967391939e+00
-9.482215933066298064e+00
-5.890823820908767061e+01
-8.626683304207579894e+00
-8.419360782101959373e+00
-7.728960608828155721e+00
-2.482818201311886241e+01
-1.156843604437393580e+01
-1.075473175386068725e+01
-9.364995120703294873e+00
-1.025317398130459523e+01
-2.130080592431268371e+01
-7.862281928474142312e+00
-7.206349365507650262e+00
-1.001810987176250833e+01
-2.253738047827060242e+01
-1.084985957720673078e+01
-3.435214931214876088e+01
-8.536740531040402757e+00
-6.446476836472519345e+00
-1.067291182885354495e+01
-7.792182845883734110e+00
-9.288590767807427540e+00
-1.380530248336317989e+01
-1.083280433420554267e+01
-1.280001599448498339e+01
-6.979261987648130550e+00
-7.495443838963838701e+00
-7.580991914082826355e+00
-1.468683465157306856e+01
-3.562130008607341125e+01
-1.127093113573938510e+01
-2.386489926490655122e+01
-1.030032627290025538e+01
-6.682170378121176668e+01
-8.671190919312385503e+00
-1.201665565461527230e+01
-9.225792282950097345e+00
-1.214097350095253880e+01
-1.109125495363832314e+01
-1.209378400357580396e+01
-9.569435335063879222e+00
-1.289931022928092830e+01
-8.056458522809949230e+00
-7.539158642703261748e+00
-6.854053712551979594e+00
-1.087924290842357600e+01
-1.152646501782631105e+01
-1.124156507502039126e+01
-7.136124154406986442e+00
-1.122460443864388502e+01
-6.008946270497946607e+00
-9.213339104780279953e+00
-8.922849913451385007e+00
-1.149098566692596535e+01
-1.207546228242060948e+01
-6.139997046830584893e+00
-5.947418325715153387e+00
-4.654166967900077445e+00
-4.103983544679112860e+00
-8.045786913522656292e+00
-6.785815807085202600e+00
-4.016344748767067152e+00
-6.655811673735668954e+00
-4.248935080893952687e+01
-3.216204317183397166e+01
-6.265945850038903586e+01
-8.163270279383930017e+01
-3.875242897078079096e+01
-3.490493596070575677e+01
-5.677774013180951584e+01
-3.704041658253312619e+01
-3.931076297560546351e+01
-4.199855559451075493e+01
-8.617397096390158495e+00
-8.027662604837335181e+00
-1.243011551157569805e+01
-9.117677383161847615e+00
-7.716924451405233754e+00
-1.665264567028707887e+01
