3.562400041409310880e+00
-2.205158432393209633e+00
-5.465380898011508393e+00
-6.878456130535405499e+00
-7.835911158391031250e+00
-3.827223437053814514e+00
-7.329344187463798121e+00
7.668859919154331628e+00
1.118903290151794039e+01
1.982308668678118977e+02
1.923311530201733035e+02
6.289973664447090940e+00
2.820195907637673471e+00
2.307515021292167567e+00
4.117825296933327550e+00
1.123818565039814921e+00
7.894765373517954288e+01
-2.838386786059675870e+00
2.177113288979063199e+00
-4.774872115195237576e+00
-8.976420216266991048e+00
-8.225295621956792758e+00
-7.153642070812431975e+00
-9.427567616202505718e+00
-7.735662930779094282e+00
-7.999851807710698814e+00
-8.198333563532619550e+00
-9.839671375224865457e+00
-1.224172263460690857e+01
-1.211766471445971227e+01
-1.322503060093652216e+01
-1.313539022273132950e+01
-1.317549226541625984e+01
-1.322124473735350669e+01
-1.316461773959375314e+01
-1.302736774069098225e+01
-1.304092256572922182e+01
-1.257463321760629427e+01
-1.304481633240522953e+01
-1.363793216905026640e+01
-1.254873591078464301e+01
-1.314054606600596209e+01
-1.359144303676114873e+01
-1.381720536277663314e+01
-1.261755630302573117e+01
-1.336172477093153788e+01
-1.242297014587925652e+01
-1.325383409981727389e+01
-1.352624947413733381e+01
-1.242429940652845310e+01
-1.142506760758345052e+01
-1.285353104059593932e+01
-1.334251688449000639e+01
-1.489375943580567530e+01
-1.349598871528794675e+01
-1.343434146740846202e+01
-1.339991969845970665e+01
-1.354800329167991357e+01
-1.354133332325298866e+01
-1.301306625062663613e+01
-1.340529912747657271e+01
-1.306211777594358736e+01
-1.279442556329415659e+01
-1.400553714272362171e+01
-1.351671878384151704e+01
-1.309848790544904418e+01
-1.340223713820223672e+01
-1.286383593980206541e+01
-1.400333802516415460e+01
-1.275046608372596246e+01
-1.302997714809634644e+01
-1.281629305108234007e+01
-1.324963849847017094e+01
-1.358601232480455323e+01
-1.335824558383937699e+01
-1.292545187280328101e+01
-1.351215688227862621e+01
-1.323328947484275275e+01
-1.362091131066522287e+01
-1.346042518951025713e+01
-1.270077952025113355e+01
-1.312747497524287965e+01
-1.303681573961278239e+01
-1.393472226411675940e+01
-1.341427246549208796e+01
-1.332896746019184242e+01
-1.366971889324951661e+01
-1.320478779108091949e+01
-1.362175870316514370e+01
-1.308930200607842309e+01
-1.275222869833803863e+01
-1.357224611835071393e+01
-1.278385988786965655e+01
-1.303970585402969284e+01
-1.304442087392313532e+01
-1.326785613132182995e+01
-1.354407803029763535e+01
-1.297063871774127541e+01
-1.354410061925572428e+01
-1.397336202515061743e+01
-1.373711850911476162e+01
-1.355838793094451056e+01
-1.333446253070888865e+01
-1.393631686806467229e+01
-1.371022096251921241e+01
-1.290986428364325889e+01
-1.347052005814074960e+01
-1.332828094140648290e+01
-1.342672011678214439e+01
-1.339178524363197198e+01
-1.389789391928453455e+01
-1.358673968863329762e+01
-1.375706629382507451e+01
-1.372684721175473399e+01
-1.329112717307275382e+01
-1.302265168724836997e+01
-1.396361442332069025e+01
-1.322381905230380283e+01
-1.370205777663518809e+01
-1.234925798552188247e+01
-1.335267343544401974e+01
-1.310832064025972166e+01
-1.329249280266397015e+01
-1.367056827937545194e+01
-1.427683964666083405e+01
-1.389560931802143706e+01
-1.310018038729799983e+01
-1.320717008256683478e+01
-1.353079270216336916e+01
-1.359163446743603565e+01
-1.390248707459533861e+01
-1.304107266901394269e+01
-1.388578152892078599e+01
-1.231107935542481258e+01
-1.333396022404089365e+01
-1.382866188246913808e+01
-1.351235800152155697e+01
-1.409436802606976080e+01
-1.382079464606205121e+01
-1.296885468111029915e+01
-1.272142161277650096e+01
-1.312389121740543985e+01
-1.337613633449413264e+01
-1.312835284009669756e+01
-1.322654901319080167e+01
-1.429516602003496573e+01
-1.366673974251174251e+01
-1.380768234518232696e+01
-1.358320280090524967e+01
-1.360448097219977193e+01
-1.361363520787972625e+01
-1.423552202053575755e+01
-1.305327845239817997e+01
-1.323516726681013189e+01
-1.284450405013468810e+01
-1.211394071980479659e+01
-1.322683832455116004e+01
-1.397622127292863148e+01
-1.280429116438368453e+01
-1.341569840603644792e+01
-1.395569914198895667e+01
-1.334003428509657851e+01
-1.376762049526466036e+01
-1.279509379314968243e+01
-1.395981147833141378e+01
-1.351815329719855718e+01
-1.376072192303213271e+01
-1.393470912695884145e+01
-1.292888211057019454e+01
-1.392435406669402553e+01
-1.427733029990240432e+01
-1.355431423404541746e+01
-1.330891376328258779e+01
-1.404539562403445707e+01
-1.363089156448035055e+01
-1.329509849535955723e+01
-1.336895412249647208e+01
-1.374492055812734925e+01
-1.378605044005088409e+01
-1.367116182471938579e+01
-1.356411332164712391e+01
-1.394846441646046387e+01
-1.389272469374784613e+01
-1.393548067696076664e+01
-1.322015589863777940e+01
-1.395671515257730100e+01
-1.408794793329437667e+01
-1.467892863046138530e+01
-1.359830146554609698e+01
-1.344183402161941743e+01
-1.369435851225732748e+01
-1.386303163761959567e+01
-1.293458005336102623e+01
-1.358201622737733416e+01
-1.366209960630367348e+01
-1.337493693728515787e+01
-1.391169485037720221e+01
-1.403019871614244884e+01
-1.425843456650805230e+01
-1.344246694919714891e+01
